0
8
12
0
2
76
1
19
21
1
41
40
0
52
55
1
56
23
1
86
95
0
15
4
0
17
15
0
2
32
1
29
21
1
41
40
0
52
55
1
56
23
1
29
95
0
17
15
0
15
4
0
2
76
1
19
21
1
41
40
0
54
55
1
56
23
1
86
95
0
15
4
0
17
15
0
2
76
1
19
21
1
41
40
0
52
55
1
56
23
1
86
95
0
15
4
0
17
15
0
2
76
1
19
21
0
15
4
0
52
55
1
56
23
1
86
95
1
41
40
0
17
15
0
2
76
1
19
21
1
41
40
0
52
55
1
56
33
1
86
95
0
15
4
0
17
15
0
2
76
1
19
21
1
41
40
0
52
55
1
56
23
1
85
95
0
11
4
0
17
15
0
2
76
1
19
21
1
41
40
0
52
55
1
56
23
1
86
95
0
15
4
0
17
15
0
2
76
1
19
21
1
41
40
0
52
55
1
56
23
1
86
95
0
2
4
0
17
15
0
2
76
1
36
21
1
41
40
0
52
55
1
56
23
1
86
95
0
15
4
0
17
15
0
2
76
1
19
21
1
41
40
0
52
55
1
56
23
1
86
95
0
84
4
0
17
15
0
2
76
1
19
21
1
41
40
0
52
55
1
56
23
1
86
95
0
15
4
0
17
15
