0
20
20
0
73
15
0
42
48
0
37
56
0
52
72
0
13
95
0
33
0
0
65
50
0
49
41
0
34
24
0
79
75
0
96
7
0
42
46
0
59
56
0
39
23
0
62
55
0
24
46
0
67
71
0
61
55
0
68
8
0
70
58
0
49
41
0
42
48
0
46
56
0
52
72
0
65
50
0
8
0
0
13
95
0
73
15
0
34
24
0
79
75
0
96
7
0
42
46
0
59
56
0
39
23
0
62
55
0
24
46
0
67
71
0
61
55
0
68
8
0
70
58
0
73
15
0
42
48
0
46
56
0
52
72
0
12
95
0
29
0
0
45
50
0
49
41
0
34
24
0
79
75
0
64
7
0
42
46
0
59
56
0
39
23
0
62
55
0
24
46
0
67
71
0
61
55
0
17
8
0
70
58
0
83
84
0
5
7
0
79
71
0
42
95
0
67
35
0
79
75
0
29
56
0
61
80
0
61
58
0
24
46
0
56
55
0
88
56
0
35
26
0
16
23
0
47
44
0
59
50
0
40
48
0
59
55
0
34
24
0
38
41
0
38
56
0
42
68
0
70
58
0
52
72
0
12
95
0
24
46
0
65
50
0
49
41
0
46
56
0
79
75
0
64
7
0
42
46
0
73
15
0
39
23
0
62
55
0
29
0
0
67
71
0
61
55
0
17
8
0
34
24
0
52
21
0
89
7
0
46
44
0
16
23
0
71
58
0
49
88
0
13
15
0
24
24
0
48
46
0
52
88
0
42
48
0
75
58
0
35
26
0
29
56
0
72
50
0
79
75
0
63
71
0
20
24
0
29
80
0
53
55
0
73
84
0
34
24
0
46
44
0
16
23
0
24
46
0
49
41
0
72
50
0
96
7
0
35
26
0
52
88
0
65
71
0
42
48
0
71
58
0
29
56
0
13
95
0
79
75
0
88
56
0
30
55
0
66
80
0
50
55
0
73
15
0
42
48
0
37
56
0
52
72
0
13
95
0
33
0
0
50
55
0
49
41
0
34
24
0
96
7
0
79
75
0
42
46
0
59
56
0
39
23
0
62
55
0
24
46
0
67
71
0
65
50
0
68
8
0
70
58
0
73
15
0
38
48
0
37
56
0
49
41
0
13
95
0
26
0
0
52
72
0
39
23
0
34
24
0
46
56
0
96
7
0
42
46
0
79
75
0
65
50
0
70
58
0
24
46
0
74
71
0
61
55
0
68
8
0
62
55
0
46
44
0
72
50
0
31
23
0
82
84
0
91
7
0
42
48
0
13
95
0
34
24
0
29
56
0
52
88
0
71
58
0
88
56
0
18
26
0
49
41
0
63
71
0
79
5
0
30
55
0
24
46
0
66
80
0
62
55
0
73
84
0
34
24
0
24
46
0
79
75
0
49
41
0
46
44
0
72
50
0
16
23
0
71
58
0
52
88
0
42
48
0
64
71
0
35
26
0
29
56
0
13
95
0
96
7
0
88
56
0
30
55
0
66
80
0
50
55
0
73
15
0
46
56
0
49
41
0
52
72
0
13
95
0
33
18
0
65
50
0
42
48
0
34
24
0
79
75
0
96
7
0
61
55
0
67
56
0
42
46
0
62
55
0
24
46
0
78
71
0
39
23
0
68
8
0
70
58
0
5
15
0
42
48
0
46
56
0
52
72
0
3
95
0
33
0
0
65
85
0
50
56
0
57
58
0
79
75
0
24
24
0
42
46
0
36
41
0
39
23
0
62
55
0
24
46
0
67
71
0
49
55
0
68
8
0
96
7
0
29
56
0
93
86
0
16
71
0
13
68
0
87
75
0
34
24
0
13
95
0
49
41
0
73
88
0
53
55
0
42
48
0
35
56
0
61
64
0
30
55
0
73
50
0
63
88
0
45
44
0
78
58
0
82
80
0
7
7
0
73
15
0
42
98
0
46
56
0
52
72
0
13
95
0
33
0
0
65
50
0
49
41
0
34
24
0
79
75
0
96
7
0
42
46
0
59
56
0
39
23
0
62
55
0
24
46
0
67
71
0
61
55
0
68
8
0
52
58
0
5
15
0
42
48
0
46
56
0
52
72
0
3
95
0
33
0
0
65
50
0
50
56
0
57
58
0
79
75
0
24
24
0
98
46
0
36
41
0
39
23
0
49
55
0
24
46
0
67
71
0
64
77
0
68
8
0
96
7
0
5
15
0
42
48
0
46
56
0
52
72
0
3
95
0
33
0
0
65
50
0
50
56
0
57
58
0
79
75
0
24
24
0
42
46
0
36
41
0
39
23
0
62
15
0
24
46
0
67
71
0
49
55
0
68
8
0
96
7
0
49
41
0
42
48
0
46
56
0
52
72
0
65
50
0
8
0
0
13
95
0
94
15
0
34
24
0
79
75
0
96
7
0
42
46
0
59
56
0
39
23
0
62
55
0
24
46
0
67
71
0
61
55
0
68
8
0
70
58
0
7
15
0
45
48
0
53
56
0
52
72
0
3
95
0
33
0
0
65
50
0
50
56
0
57
58
0
79
75
0
24
24
0
42
46
0
36
41
0
39
23
0
62
55
0
24
46
0
67
71
0
54
55
0
68
8
0
96
7
0
63
15
0
49
41
0
46
56
0
52
72
0
89
95
0
29
0
0
65
50
0
42
48
0
34
24
0
79
75
0
64
7
0
42
46
0
59
56
0
39
23
0
62
55
0
24
46
0
67
71
0
61
55
0
17
8
0
70
58
