0
24
30
0
91
79
0
14
65
0
9
87
0
42
67
0
6
1
0
51
80
0
37
94
0
34
59
0
13
42
0
71
34
0
59
58
0
75
47
0
0
43
0
21
1
0
29
32
0
60
42
0
77
60
0
85
67
0
51
32
0
1
35
0
68
87
0
35
68
0
44
2
0
21
61
0
95
73
0
77
7
0
92
28
0
57
78
0
36
28
0
66
79
0
91
64
0
98
41
0
55
28
0
50
77
0
53
39
0
86
82
0
2
87
0
43
17
0
48
67
0
40
51
0
46
44
0
53
18
0
87
96
0
0
65
0
97
65
0
16
52
0
86
30
0
95
63
0
12
4
0
1
14
0
43
39
0
65
88
0
0
30
0
95
83
0
32
44
0
14
15
0
78
27
0
96
2
0
12
17
0
62
12
0
39
35
0
34
61
0
70
50
0
28
16
0
13
72
0
31
81
0
71
89
0
59
23
0
66
73
0
79
45
0
79
24
0
83
62
0
55
18
0
64
84
0
62
72
0
64
85
0
15
46
0
74
56
0
19
33
0
70
90
0
77
77
0
88
58
0
57
62
0
94
68
0
23
85
0
25
54
0
40
10
0
93
34
0
26
89
0
82
17
0
69
23
0
15
92
0
47
76
0
17
13
0
58
97
0
45
30
0
78
42
0
37
89
0
48
48
0
98
57
0
39
42
0
5
22
0
34
5
0
16
22
0
91
74
0
78
45
0
21
76
0
59
84
0
17
31
0
35
80
0
30
33
0
8
14
0
66
10
0
56
18
0
15
94
0
3
43
0
88
53
0
62
26
0
69
26
0
89
19
0
91
69
0
38
97
0
23
85
0
51
91
0
84
36
0
81
50
0
69
74
0
46
65
0
20
15
0
59
36
0
63
67
0
82
95
0
30
15
0
62
47
0
85
50
0
83
90
0
13
70
0
87
2
0
69
74
0
50
73
0
32
48
0
2
53
0
18
5
0
13
93
0
21
78
0
39
63
0
77
34
0
16
11
0
11
78
0
67
22
0
34
78
0
96
78
0
31
29
0
6
19
0
49
80
0
50
2
0
33
95
0
74
81
0
56
86
0
78
52
0
52
26
0
39
47
0
83
70
0
68
61
0
3
60
0
40
32
0
65
22
0
66
20
0
69
30
0
47
13
0
72
30
0
20
64
0
45
35
0
76
31
0
63
16
0
10
25
0
26
32
0
44
90
0
39
2
0
8
58
0
54
61
0
65
10
0
56
27
0
17
98
0
87
5
0
10
40
0
24
34
0
80
97
0
28
48
0
67
77
0
0
95
0
77
40
0
28
88
0
7
5
0
51
58
0
35
50
0
71
17
0
8
67
0
55
10
0
22
19
0
93
56
0
10
60
0
43
13
0
3
37
0
86
47
0
7
64
0
19
46
0
82
4
0
97
3
0
86
84
0
15
59
0
47
34
0
27
77
0
82
65
0
53
25
0
97
6
0
82
21
0
93
79
0
21
40
0
33
5
0
42
16
0
92
33
0
97
30
0
12
63
0
24
9
0
24
13
0
78
28
0
23
3
0
87
2
0
59
83
0
80
54
0
22
25
0
96
48
0
69
13
0
36
19
0
35
6
0
23
73
0
24
60
0
1
5
0
19
90
0
74
22
0
34
84
0
34
21
0
32
10
0
72
90
0
89
41
0
28
28
0
73
36
0
12
8
0
62
74
0
98
76
0
69
64
0
82
62
0
90
35
0
58
5
0
24
0
0
39
0
0
25
61
0
32
90
0
73
64
0
32
30
0
53
19
0
94
59
0
0
63
0
52
19
0
3
92
0
36
86
0
87
78
0
46
58
0
83
51
0
81
41
0
48
77
0
10
40
0
45
48
0
26
69
0
34
46
0
57
72
0
40
29
0
60
16
0
7
95
0
26
12
0
25
49
0
89
18
0
56
98
0
76
11
0
41
29
0
89
34
0
66
47
0
77
97
0
54
93
0
30
81
0
73
52
0
7
31
0
50
86
0
77
8
0
81
14
0
90
5
0
9
43
0
48
8
0
8
32
0
67
9
0
5
60
0
76
63
0
83
55
0
59
34
0
13
21
0
17
74
0
37
60
0
65
11
0
16
28
0
97
5
0
28
32
0
34
16
0
30
79
0
95
56
0
11
76
0
65
60
0
13
80
0
88
49
0
45
80
0
44
79
0
10
72
0
29
82
0
90
24
0
22
59
0
58
38
0
18
77
0
36
79
0
90
89
0
48
88
0
91
49
0
66
70
0
7
17
0
12
64
0
38
54
0
61
74
0
72
31
0
2
97
0
18
8
0
80
89
0
82
35
0
61
10
0
48
63
0
75
94
0
80
55
0
12
59
0
72
9
0
36
78
0
92
98
0
98
45
0
34
14
0
62
21
0
32
73
0
84
43
0
13
33
0
18
39
0
91
17
0
72
29
0
12
58
0
10
50
0
67
12
0
87
8
0
84
63
0
87
92
0
80
70
0
78
63
0
44
86
0
81
18
0
85
19
0
90
90
0
12
54
0
94
58
0
94
23
0
29
82
0
66
30
0
38
4
0
48
30
0
26
65
0
27
43
0
67
64
0
98
20
0
58
33
0
77
37
0
53
0
0
17
80
0
4
2
0
90
45
0
14
28
0
19
64
0
11
87
0
48
64
0
67
68
0
63
87
0
35
93
0
41
6
0
0
59
0
95
74
0
61
42
0
91
38
0
49
60
0
10
64
0
11
96
0
50
35
0
49
43
0
74
20
0
17
56
0
46
27
0
95
15
0
39
22
0
94
24
0
3
83
0
10
37
0
5
40
0
60
72
0
30
94
0
28
26
0
44
88
0
67
58
0
77
23
0
39
54
0
90
37
0
63
75
0
0
54
0
36
93
0
41
19
0
84
22
0
58
53
0
69
57
0
39
60
0
46
40
0
81
6
0
16
35
0
22
29
0
91
57
0
39
15
0
86
37
0
68
56
0
12
13
0
15
74
0
55
84
0
71
12
0
45
75
0
71
36
0
76
9
0
10
11
0
17
76
0
59
36
0
13
52
0
20
85
0
90
6
0
94
76
0
4
83
0
65
61
0
23
56
0
16
43
0
43
70
0
72
17
0
56
14
0
7
16
0
46
65
0
69
5
0
87
14
0
16
25
0
19
3
0
58
80
0
96
31
0
34
26
0
65
20
0
96
59
0
28
67
0
16
11
0
0
37
0
67
91
0
49
41
0
27
93
0
37
66
0
79
38
0
32
12
0
72
10
0
91
37
0
5
75
0
45
81
0
51
36
0
2
48
0
68
72
0
35
63
0
13
18
0
57
93
0
26
12
0
35
5
0
24
53
0
98
20
0
5
45
0
46
2
0
83
83
0
22
14
0
0
15
0
64
52
0
27
76
0
3
17
0
35
72
0
49
33
0
9
4
0
20
26
0
45
84
0
65
86
0
70
61
0
47
37
0
33
95
0
37
58
0
14
71
0
43
15
0
2
96
0
98
37
0
44
68
0
57
11
0
76
25
0
32
61
0
61
55
0
30
69
0
66
71
0
13
10
0
1
90
0
60
81
0
17
96
0
35
93
0
54
36
0
56
76
0
66
67
0
52
4
0
36
71
0
13
70
0
9
68
0
68
92
0
52
67
0
62
7
0
8
56
0
80
89
0
7
65
0
1
55
0
40
40
0
34
80
0
51
4
0
86
57
0
45
37
0
57
0
0
40
93
0
59
33
0
12
13
0
75
12
0
82
38
0
37
89
0
34
16
0
30
86
0
75
36
0
65
98
0
18
62
0
55
94
0
68
20
0
61
19
0
9
29
0
73
77
0
1
25
0
46
2
0
84
66
0
26
56
0
97
80
0
64
94
0
36
34
0
46
5
0
31
73
0
60
25
0
7
31
0
34
89
0
67
29
0
17
42
0
96
45
0
4
43
0
72
0
0
8
38
0
31
83
0
0
43
0
32
67
0
14
89
0
45
32
0
14
3
0
22
93
0
94
74
0
54
57
0
38
89
0
24
73
0
25
58
0
94
63
0
40
40
0
69
77
0
33
79
0
60
44
0
58
34
0
81
96
0
98
38
0
75
22
0
26
31
0
20
6
0
6
90
0
66
39
0
0
11
0
52
27
0
50
17
0
30
52
0
38
47
0
26
58
0
48
80
0
20
52
0
48
12
0
98
80
0
3
18
0
77
91
0
20
2
0
45
80
0
10
32
0
96
17
0
86
8
0
73
47
0
25
66
0
3
21
0
4
4
0
90
12
0
25
82
0
53
59
0
28
96
0
14
64
0
13
76
0
31
11
0
29
73
0
24
54
0
69
96
0
72
68
0
84
46
0
91
51
0
60
68
0
26
84
0
21
67
0
35
41
0
20
7
0
77
20
0
16
71
0
84
65
0
90
98
0
59
64
0
72
68
0
63
42
0
98
81
0
30
16
0
15
93
0
9
23
0
68
32
0
12
57
0
92
84
0
3
66
0
32
68
0
93
62
0
71
44
0
66
41
0
66
11
0
57
5
0
56
11
0
56
96
0
79
59
0
89
68
0
74
45
0
58
41
0
23
79
0
61
76
0
13
0
0
67
34
0
89
25
0
13
89
0
91
33
0
8
78
0
50
2
0
65
37
0
8
93
0
6
68
0
16
84
0
43
82
0
91
67
0
58
30
0
33
30
0
94
43
0
58
74
0
28
53
0
62
37
0
15
9
0
39
70
0
71
10
0
78
71
0
46
25
0
36
63
0
84
13
0
1
25
0
80
50
0
27
66
0
3
42
0
53
7
0
97
92
0
13
46
0
19
54
0
95
67
0
31
76
0
94
39
0
82
57
0
78
5
0
4
24
0
11
41
0
3
8
0
20
17
0
22
15
0
76
90
0
68
58
0
8
83
